1 41.043644   -13.312939     0.31065142 41.32328    -11.712833     0.31065142 45.185963   -12.387884     0.31065142 44.906326   -13.987989     0.31065142 41.043644   -13.312939     1.7957708 41.32328    -11.712833     1.7957708 45.185963   -12.387884     1.7957708 44.906326   -13.987989     1.7957708
1 4.7703144e+01  1.4994303e+01 -1.5518314e+00 4.5962444e+01  1.4891166e+01 -1.5518314e+00 4.5685566e+01  1.9564238e+01 -1.5518314e+00 4.7426266e+01  1.9667374e+01 -1.5518314e+00 4.7703144e+01  1.4994303e+01  1.8434763e-02 4.5962444e+01  1.4891166e+01  1.8434763e-02 4.5685566e+01  1.9564238e+01  1.8434763e-02 4.7426266e+01  1.9667374e+01  1.8434763e-02
1 4.5053158e+01  3.5788467e+01 -1.3953476e+00 4.4842571e+01  3.7357357e+01 -1.3953476e+00 4.8935040e+01  3.7906677e+01 -1.3953476e+00 4.9145626e+01  3.6337788e+01 -1.3953476e+00 4.5053158e+01  3.5788467e+01  4.2084455e-03 4.4842571e+01  3.7357357e+01  4.2084455e-03 4.8935040e+01  3.7906677e+01  4.2084455e-03 4.9145626e+01  3.6337788e+01  4.2084455e-03
1 15.51342    -21.598995     0.09264791 14.585551   -22.881353     0.09264791 11.526575   -20.667988     0.09264791 12.454444   -19.38563      0.09264791 15.51342    -21.598995     1.5642545 14.585551   -22.881353     1.5642545 11.526575   -20.667988     1.5642545 12.454444   -19.38563      1.5642545
1 16.808847   30.481752   -2.1790843 17.419065   28.95608    -2.1790843 13.791529   27.505186   -2.1790843 13.181311   29.030859   -2.1790843 16.808847   30.481752   -0.72508293 17.419065   28.95608    -0.72508293 13.791529   27.505186   -0.72508293 13.181311   29.030859   -0.72508293
1 31.493652  14.111795  -2.3010743 30.105587  14.9968195 -2.3010743 32.236366  18.33872   -2.3010743 33.62443   17.453697  -2.3010743 31.493652  14.111795  -0.8009808 30.105587  14.9968195 -0.8009808 32.236366  18.33872   -0.8009808 33.62443   17.453697  -0.8009808
1 12.377603  31.236633  -2.1219125 13.791413  30.546389  -2.1219125 12.021951  26.922043  -2.1219125 10.60814   27.612288  -2.1219125 12.377603  31.236633  -0.7163777 13.791413  30.546389  -0.7163777 12.021951  26.922043  -0.7163777 10.60814   27.612288  -0.7163777
1 15.8383665  -19.4459       0.09657788 16.894743   -18.201221     0.09657788 19.784414   -20.653728     0.09657788 18.728037   -21.898407     0.09657788 15.8383665  -19.4459       1.5600177 16.894743   -18.201221     1.5600177 19.784414   -20.653728     1.5600177 18.728037   -21.898407     1.5600177
1 61.18941    -0.942925   -1.5623648 60.914783    0.5175643  -1.5623648 64.70627     1.2305148  -1.5623648 64.9809     -0.22997452 -1.5623648 61.18941    -0.942925   -0.09166127 60.914783    0.5175643  -0.09166127 64.70627     1.2305148  -0.09166127 64.9809     -0.22997452 -0.09166127
1 14.243032  17.909752  -2.4231007 15.818367  17.788641  -2.4231007 15.502909  13.685377  -2.4231007 13.927574  13.806488  -2.4231007 14.243032  17.909752  -1.0236046 15.818367  17.788641  -1.0236046 15.502909  13.685377  -1.0236046 13.927574  13.806488  -1.0236046
1 16.623447  25.793234  -2.652287 18.203133  25.250797  -2.652287 16.998444  21.742495  -2.652287 15.418758  22.284931  -2.652287 16.623447  25.793234  -1.1244096 18.203133  25.250797  -1.1244096 16.998444  21.742495  -1.1244096 15.418758  22.284931  -1.1244096